
1955516 **
2055516 ***
2155516 *
2055517 **
2155517 **
2255517 *
2355517 *
2155518 **
2255518 **
2355518 **
2455518
2055519 **
2155519
2355519
2555519
2555520
1956016
2056016 **
2156016
2156017 **
2256017
2256018
2356018
2556018

2056516
2156516
2256516
2356516
2156517
2256517
2356517
2456517
2556517
2656517

1955016
2055017 *
2155017 *
2255017 *
2155018
2255018
2355018
2255019
2355019 **
2555019
2555020
45 Seri
1954516
2054516
2154516
2054517 *
2154517
2254517 ***
2354517
2454517
2154517
2154518
2254518 *
2354518 **
2454518 *
2254519
2354519
2454519
2554519
2154520
2354520
2454520
2554520
2754520

2054016
2154016
2054017
2154017
2154017
2054018
2154018
2254018 *
2354018 *
2454018 *
2554018
2754018
2254019
2354019 *
2454019 *
2554018
2754018
2254019
2354019 *
2454019 *
2554019 *
2754019
2454020 *
2554020
2554021
2654021
2754021 *
2754022
35 Seri
2153518
2153519
2553519
2453519
2753519
2453520
2553520
2653520
2753520 *
2553521
2653521
2753521
2853521
2953521
